font.bmp

8

48  57
113 15 5 10
14  15 5 10
25  15 5 10
36  15 5 10
46  15 6 10
58  15 5 10
69  15 5 10
80  15 5 10
91  15 5 10
102 15 5 10

97  122
14  40 5 10
24  40 6 10
35  40 5 10
45  40 5 10
56  40 6 10
66  40 4 10
75  40 5 12
86  40 5 10
97  40 1 10
102 40 2 12
110 40 5 10
120 40 1 10
126 40 8 10
140 40 5 10
151 40 5 10
162 40 5 12
173 40 5 12
184 40 4 10
191 40 5 10
200 40 5 10
210 40 5 10
220 40 7 10
231 40 9 10
245 40 5 10
254 40 6 12
264 40 5 10

45  46
14 91 6 10
26 91 4 10

58  59
52 91 4 10
56 91 4 11

32  32
45 91 4 10

42  42
38 91 5 10


